1 0 0 1.6
1 1 0 1.6
1 2 0 1.6
1 3 0 1.6
1 4 0 1.6
1 0 1 1.6
1 1 1 1.6
1 2 1 1.6
1 3 1 1.6
1 4 1 1.6
1 0 2 1.6
1 1 2 1.6
1 2 2 1.6
1 3 2 1.6
1 4 2 1.6
1 0 3 1.6
1 1 3 1.6
1 2 3 1.6
1 3 3 1.6
1 4 3 1.6
1 0 4 1.6
1 1 4 1.6
1 2 4 1.6
1 3 4 1.6
1 4 4 1.6
1 2 -1 1.6
1 2 -2 1.6
1 2 -3 1.6
1 3 -3 1.85
1 4 -3 2.35
1 5 -3 2.6
1 5 -2 2.85
1 5 -1 3.35
1 5 0 3.6
1 5 1 3.6
1 5 2 3.6
1 5 3 3.6
1 5 4 3.6
1 5 5 3.35
1 5 6 2.85
1 5 7 2.35
1 5 8 1.85
1 5 9 1.35
1 5 10 0.85
1 4 11 0.6
1 4 12 0.6
1 4 13 0.6
1 5 11 0.6
1 5 12 0.6
1 5 13 0.6
1 6 11 0.6
1 6 12 0.6
1 6 13 0.6
