0 0 0 0 0 5
0 1 0 0 0 5
0 2 0 0 0 5
0 3 0 0 0 5
0 4 0 0 0 5
0 0 0 1 0 5
0 1 0 1 0 5
0 2 0 1 0 5
0 3 0 1 0 5
0 4 0 1 0 5
0 0 0 2 0 5
0 1 0 2 0 5
0 2 0 2 0 5
0 3 0 2 0 5
0 4 0 2 0 5
0 0 0 3 0 5
0 1 0 3 0 5
0 2 0 3 0 5
0 3 0 3 0 5
0 4 0 3 0 5
0 0 0 4 0 5
0 1 0 4 0 5
0 2 0 4 0 5
0 3 0 4 0 5
0 4 0 4 0 5
0 2 0 -1 0 2
0 2 0 -2 0 2
0 2 0 -3 0 2
0 5 1 -3 0 2
0 5 2 0 0 2
0 5 2 1 0 2
0 5 2 2 0 2
0 5 2 3 0 2
0 5 2 4 0 2
0 5 -1 11 0 3
0 4 -1 11 0 3
0 6 -1 11 0 3
0 5 -1 12 0 3
0 4 -1 12 0 3
0 6 -1 12 0 3
0 5 -1 13 0 3
0 4 -1 13 0 3
0 6 -1 13 0 3
1 0 0 0 0 5
1 1 0 0 0 5
1 2 2 0 0 5
1 3 0 0 0 5
1 4 0 0 0 5
1 0 0 1 90 5
1 0 0 2 90 5
1 0 0 3 90 5
1 0 0 4 90 5
1 0 0 5 90 5
1 1 0 5 180 5
1 2 0 5 180 5
1 3 0 5 180 5
1 4 0 5 180 5
1 5 0 5 180 5
1 5 0 0 -90 2
1 5 0 1 -90 2
1 5 0 2 -90 2
1 5 0 3 -90 2
1 5 0 4 -90 2
1 5 4 0 -90 1
1 5 4 1 -90 1
1 5 4 2 -90 1
1 5 4 3 -90 1
1 5 4 4 -90 1
1 2 0 0 90 2
1 2 0 -1 90 2
1 2 0 -2 90 2
1 3 0 -1 -90 2
1 3 0 -2 -90 2
1 4 0 -2 180 3
1 3 0 -3 0 3
1 4 0 -3 0 3
1 5 0 -3 0 3
1 5 0 -2 180 3
1 2 0 -3 0 2
1 6 1 -3 -90 2
1 6 1 -2 -90 3
1 6 1 -1 -90 3
1 5 1 -1 90 3
1 5 1 0 90 3
1 6 2 0 -90 2
1 6 2 1 -90 2
1 6 2 2 -90 2
1 6 2 3 -90 2
1 6 2 4 -90 2
1 6 1 5 -90 3
1 6 1 6 -90 3
1 6 0 7 -90 3
1 6 0 8 -90 3
1 6 -1 9 -90 3
1 6 -1 10 -90 3
1 5 1 6 90 3
1 5 1 7 90 3
1 5 0 8 90 3
1 5 0 9 90 3
1 5 -1 10 90 3
1 5 -1 11 90 3
1 4 -1 12 90 3
1 4 -1 13 90 3
1 4 -1 14 90 3
1 7 -1 11 -90 3
1 7 -1 12 -90 3
1 7 -1 13 -90 3
1 4 -1 11 0 3
1 6 -1 11 0 3
1 5 -1 14 180 3
1 6 -1 14 180 3
1 7 -1 14 180 3
1 5 1 11 0 1
2 3 0 -3 -90 0
2 3 2 -3 -90 0
2 4 0.5 -3 -90 0
2 4 2.5 -3 -90 0
2 6 1 -2 180 0
2 6 3 -2 180 0
2 6 1.5 -1 180 0
2 6 3.5 -1 180 0
2 5 1.5 6 0 0
2 5 3.5 6 0 0
2 5 1 7 0 0
2 5 3 7 0 0
2 5 0.5 8 0 0
2 5 2.5 8 0 0
2 5 0 9 0 0
2 5 2 9 0 0
2 5 -0.5 10 0 0
2 5 1.5 10 0 0
2 5 -1 11 0 0
2 5 1 11 0 0
4 1.7 0.7 2.7 0 1
4 2.2 0.7 2.7 0 2
4 2.7 0.7 2.7 0 3
4 3.2 0.7 2.7 0 0
5 5.0001 1.99 0 -90 1
5 2 0 -0.01 0 0
6 1 1 0 0 2
6 4 1 0 0 3
6 4.5 0 11 0 2
6 6.5 0 11 0 3
7 1.3 0 2 0 0

